1555761654.814286 0.0000000 0.0000000 0.0000000 0.0000000 0.0000000 0.0000000 1.0000000
1555761655.581639 0.0177729 0.0114524 0.0071713 -0.0070919 0.0107277 -0.0042309 0.9999084
1555761655.612839 0.0200596 0.0138291 0.0081974 -0.0079237 0.0125343 -0.0038390 0.9998827
1555761655.783189 0.0354211 0.0174952 0.0106116 -0.0117720 0.0140823 -0.0039594 0.9998237
1555761656.081757 0.0877090 0.0200967 0.0146052 -0.0026186 0.0113045 -0.0064467 0.9999119
1555761657.181091 0.3214526 0.0504597 -0.0000655 0.0076888 -0.0523116 -0.0316970 0.9980980
1555761657.345992 0.3464401 0.0466566 0.0184921 0.0135619 -0.0497292 -0.0313223 0.9981793
1555761657.480480 0.3673657 0.0429162 0.0355044 0.0234973 -0.0502156 -0.0301305 0.9980072
1555761657.613052 0.3878440 0.0376760 0.0551675 0.0305734 -0.0522985 -0.0289729 0.9977428
1555761658.318094 0.4997909 0.0042520 0.1342901 0.0675159 -0.1068507 -0.0580623 0.9902794
1555761658.480016 0.5272262 -0.0009342 0.1463356 0.0672558 -0.1236984 -0.0544091 0.9885418
1555761658.646309 0.5553810 -0.0068492 0.1641441 0.0730222 -0.1350330 -0.0497785 0.9868920
1555761658.981331 0.6302689 -0.0304118 0.2018474 0.0929356 -0.1835086 -0.0703905 0.9760803
1555761659.148480 0.6756716 -0.0423183 0.2237397 0.0967836 -0.2204446 -0.0794489 0.9673288
1555761659.315390 0.7160343 -0.0542656 0.2410369 0.0943082 -0.2641261 -0.0872905 0.9558890
1555761659.479969 0.7462599 -0.0702871 0.2682589 0.0950379 -0.2990471 -0.1064723 0.9435053
1555761659.646650 0.7691621 -0.0847610 0.2938871 0.0942130 -0.3299667 -0.1121034 0.9325657
1555761659.813102 0.7824684 -0.0999405 0.3270444 0.0997868 -0.3475481 -0.1223091 0.9242799
1555761659.981193 0.7906983 -0.1150066 0.3638597 0.1028123 -0.3676321 -0.1303262 0.9150363
1555761660.181950 0.8002961 -0.1302354 0.4095785 0.0958132 -0.3889854 -0.1339523 0.9064033
1555761660.581458 0.8122767 -0.1650469 0.4746650 0.1093895 -0.4155287 -0.1611445 0.8884832
1555761660.782266 0.8186927 -0.1836782 0.5019717 0.1049183 -0.4273094 -0.1652766 0.8826565
1555761660.984020 0.8268255 -0.2002465 0.5330353 0.1020013 -0.4413877 -0.1671133 0.8756973
1555761661.379883 0.8554423 -0.2294648 0.6080688 0.0937009 -0.4690374 -0.1845184 0.8585901
1555761661.613384 0.8691177 -0.2491092 0.6523787 0.0990017 -0.4819727 -0.2025317 0.8466888
1555761661.848768 0.8774494 -0.2676703 0.6852247 0.1097369 -0.5078113 -0.2092138 0.8284414
1555761662.313584 0.8626842 -0.3096745 0.7535722 0.1202882 -0.5344429 -0.2115232 0.8094192
1555761663.046963 0.8238324 -0.3842474 0.9309227 0.1366822 -0.5696743 -0.2085690 0.7831271
1555761663.282548 0.8256550 -0.3942274 0.9718615 0.1352024 -0.5759342 -0.2115393 0.7779918
1555761663.812898 0.8801121 -0.3911350 1.0514224 0.1089200 -0.6108033 -0.2290092 0.7500737
1555761664.880466 0.9486200 -0.2749042 1.1193070 0.0775202 -0.6374386 -0.2461363 0.7260025
1555761665.446499 0.9650330 -0.2154489 1.1457748 0.0932983 -0.6349994 -0.2504210 0.7248176
1555761666.383223 0.9889929 -0.1125370 1.1419964 0.0942579 -0.6307696 -0.1923609 0.7458166
1555761667.112568 0.9629243 -0.0825253 0.9767331 0.1065787 -0.6388937 -0.1936941 0.7368435
1555761667.588138 0.9316904 -0.0596739 0.8770361 0.0958843 -0.6342527 -0.1851461 0.7444801
1555761668.580559 0.8666694 -0.2379152 0.7854164 0.0975633 -0.6115318 -0.1725066 0.7659972
1555761668.917435 0.8571715 -0.3059228 0.7688351 0.1081043 -0.6101595 -0.1893290 0.7616911
1555761669.852782 0.8641928 -0.4496434 0.8135038 0.0997792 -0.6130320 -0.2108698 0.7548310
1555761670.480335 0.8846679 -0.4880042 0.9184176 0.0989273 -0.6137182 -0.2146359 0.7533225
1555761670.752804 0.9082569 -0.4815260 0.9733604 0.0989727 -0.6174216 -0.2215147 0.7482822
1555761671.013531 0.9346831 -0.4464828 1.0284468 0.0982472 -0.6149651 -0.2211241 0.7505128
1555761671.312966 0.9665916 -0.3995755 1.0715390 0.0899568 -0.6162012 -0.2062818 0.7547528
1555761671.580088 0.9979644 -0.3286494 1.0996764 0.0787836 -0.6233035 -0.1933758 0.7535859
1555761671.883873 1.0229627 -0.2371334 1.1021883 0.0525483 -0.6242034 -0.2046203 0.7521564
1555761672.215016 1.0241487 -0.1735014 1.0716959 0.0544485 -0.6223391 -0.2193001 0.7494243
1555761672.480270 1.0282536 -0.1185264 1.0470014 0.0486715 -0.6082356 -0.1935358 0.7682607
1555761672.749190 1.0289994 -0.0885215 0.9969314 0.0531626 -0.5853412 -0.1778518 0.7892516
1555761673.016777 1.0189662 -0.0642571 0.9251757 0.0666259 -0.5533541 -0.1477725 0.8170211
1555761673.279820 1.0006355 -0.0453306 0.8418003 0.0774141 -0.5305311 -0.1310782 0.8338839
1555761673.547324 1.0031768 -0.0349044 0.7875597 0.0811197 -0.5115659 -0.1020164 0.8493013
1555761673.813278 1.0065163 -0.0240013 0.7416922 0.0946830 -0.4615718 -0.0953611 0.8768653
1555761674.315057 0.9778906 0.0142704 0.6673705 0.0900052 -0.3624923 -0.0259296 0.9272681
1555761674.545911 0.9453975 0.0254520 0.6302958 0.1067750 -0.2974589 -0.0356950 0.9480734
1555761674.745705 0.9040415 0.0417976 0.5941347 0.1014633 -0.2272937 -0.0045386 0.9685155
1555761674.979822 0.8501098 0.0455206 0.5526772 0.0945992 -0.1704431 0.0122865 0.9807391
1555761675.246145 0.8300241 0.0598630 0.4964095 0.0718929 -0.1569438 0.0086905 0.9849490
1555761675.380707 0.8223728 0.0662642 0.4740480 0.0647197 -0.1453765 0.0008941 0.9872569
1555761675.649374 0.7999734 0.0795255 0.4220040 0.0633950 -0.1361525 -0.0034898 0.9886513
1555761675.813433 0.7814119 0.0881364 0.3865604 0.0603248 -0.1282945 -0.0094652 0.9898545
1555761676.114083 0.7383631 0.1035524 0.3340049 0.0395528 -0.1046052 -0.0067904 0.9937038
1555761676.447294 0.6575575 0.1109544 0.2764121 0.0374257 -0.0886944 -0.0082731 0.9953212
1555761676.679882 0.5792652 0.1131768 0.2256331 0.0378527 -0.0893167 -0.0043699 0.9952741
1555761676.883444 0.4988233 0.1129455 0.1895821 0.0331561 -0.0753467 0.0105547 0.9965501
1555761677.113137 0.4181966 0.1042376 0.1513692 0.0254502 -0.0732686 0.0028976 0.9969833
1555761677.414984 0.3206011 0.0803514 0.1055541 0.0151921 -0.0964165 -0.0127803 0.9951431
1555761677.613866 0.2472405 0.0739135 0.0785013 -0.0029118 -0.1094945 -0.0207354 0.9937668
1555761677.849837 0.1831749 0.0446127 0.0654235 -0.0217262 -0.1018634 -0.0253374 0.9942383
1555761677.984528 0.1604341 0.0165936 0.0587045 -0.0199748 -0.0954835 -0.0255202 0.9949033
1555761678.116251 0.1530233 -0.0218142 0.0492304 -0.0211301 -0.0936005 -0.0181487 0.9952201
1555761678.381590 0.1627650 -0.0778927 0.0213917 0.0022007 -0.0801191 -0.0078787 0.9967517
1555761679.017121 0.1841280 -0.1050754 -0.1093330 0.0135846 -0.0436525 0.0083960 0.9989191
1555761679.114460 0.1797766 -0.0952324 -0.1318443 0.0145160 -0.0335154 0.0126538 0.9992527
1555761679.249292 0.1724976 -0.0834410 -0.1573683 0.0099271 -0.0267477 0.0110055 0.9995323
1555761679.381293 0.1659701 -0.0689771 -0.1712826 0.0042473 -0.0154436 0.0170121 0.9997270
1555761679.680327 0.1590679 -0.0422608 -0.1884276 -0.0069554 -0.0125524 0.0184487 0.9997268
1555761679.982517 0.1541010 -0.0170811 -0.1784017 -0.0413866 -0.0093791 0.0149503 0.9989873
1555761680.116970 0.1689592 -0.0189025 -0.1569588 -0.0420941 -0.0023785 0.0139495 0.9990134
1555761680.250196 0.1744589 -0.0163481 -0.1406539 -0.0356192 0.0066003 0.0163597 0.9992097
1555761680.814406 0.2072994 -0.0243718 -0.0923036 -0.0229018 0.0211174 0.0094509 0.9994700
1555761681.081390 0.2142748 -0.0249588 -0.0851973 -0.0183688 0.0136577 -0.0014243 0.9997370
1555761681.315929 0.2187515 -0.0296824 -0.0717451 -0.0165183 0.0175738 -0.0041451 0.9997005
