1555761654.826225403 -0.719693 0.0515705 0.656904
1555761655.582298537 -0.723121 0.0394651 0.654381
1555761655.626231447 -0.72343 0.0360688 0.653397
1555761655.802212148 -0.725274 0.0180901 0.651847
1555761656.067120679 -0.736279 -0.0364802 0.655962
1555761657.182248399 -0.765689 -0.295708 0.650223
1555761657.358196747 -0.756046 -0.324821 0.651459
1555761657.490197093 -0.747422 -0.348999 0.649766
1555761657.622208297 -0.733403 -0.37184 0.649691
1555761658.334228986 -0.649908 -0.49875 0.652984
1555761658.466845333 -0.633416 -0.532428 0.652187
1555761658.650246073 -0.618577 -0.563936 0.652551
1555761658.966857472 -0.569421 -0.654526 0.662068
1555761659.142859118 -0.533684 -0.707606 0.662615
1555761659.318266150 -0.502382 -0.741301 0.661827
1555761659.494205822 -0.4339 -0.762865 0.663277
1555761659.630693741 -0.418282 -0.795592 0.668356
1555761659.806800166 -0.369809 -0.814425 0.669528
1555761659.986237937 -0.323144 -0.822858 0.670521
1555761660.162880189 -0.250804 -0.836528 0.666525
1555761660.583682765 -0.154294 -0.854005 0.679358
1555761660.778711186 -0.113025 -0.860687 0.687996
1555761660.962721764 -0.0451218 -0.849579 0.689904
1555761661.374846235 0.0421374 -0.897374 0.690709
1555761661.614260126 0.094439 -0.910908 0.691522
1555761661.843167245 0.152287 -0.918459 0.698297
1555761662.294727394 0.250125 -0.905555 0.711347
1555761663.066197805 0.473414 -0.877811 0.712124
1555761663.302221353 0.53537 -0.879234 0.705099
1555761663.814347302 0.642283 -0.894511 0.64828
1555761664.894212527 0.679859 -0.899734 0.455895
1555761665.466241832 0.680303 -0.918029 0.385212
1555761666.398203620 0.634477 -0.956714 0.275924
1555761667.110645804 0.45746 -0.922933 0.303494
1555761667.602464410 0.354824 -0.895562 0.320531
1555761668.567302873 0.340238 -0.888278 0.542654
1555761668.930223640 0.350389 -0.884288 0.607173
1555761669.838862903 0.45681 -0.891444 0.725162
1555761670.479967922 0.581396 -0.907898 0.718746
1555761670.762217099 0.622693 -0.919434 0.696009
1555761670.994653357 0.664107 -0.938668 0.649654
1555761671.322220951 0.691184 -0.964184 0.592278
1555761671.558926817 0.695489 -0.982078 0.518834
1555761671.886332952 0.667709 -0.989085 0.434615
1555761672.194725871 0.608504 -0.983718 0.376032
1555761672.469395702 0.555103 -1.00342 0.332491
1555761672.738880346 0.474472 -1.01747 0.327825
1555761673.010768293 0.364368 -1.02199 0.338104
1555761673.282255255 0.268424 -1.01684 0.35621
1555761673.555478398 0.190953 -1.02241 0.370295
1555761673.818337313 0.112862 -1.02716 0.384458
1555761674.314777431 -0.0410066 -1.00343 0.375659
1555761674.546256301 -0.0989707 -0.960981 0.376613
1555761674.766442990 -0.171735 -0.896369 0.374743
1555761674.986234876 -0.242306 -0.838634 0.390245
1555761675.250239355 -0.306772 -0.806129 0.40204
1555761675.382369432 -0.338108 -0.793733 0.407134
1555761675.646633635 -0.41215 -0.753479 0.41408
1555761675.830216049 -0.448405 -0.726362 0.418109
1555761676.102720814 -0.512836 -0.657812 0.425886
1555761676.462201975 -0.559423 -0.543977 0.427915
1555761676.682327366 -0.58001 -0.437378 0.420539
1555761676.866813494 -0.597904 -0.330282 0.412192
1555761677.130211274 -0.601961 -0.244211 0.411367
1555761677.402785330 -0.591787 -0.137815 0.408608
1555761677.622227660 -0.578353 -0.0750477 0.406262
1555761677.850218129 -0.572247 -0.0126452 0.426982
1555761677.982805799 -0.572019 0.0106235 0.467515
1555761678.124288420 -0.576164 0.0134 0.494801
1555761678.394198257 -0.611528 0.00360297 0.564034
1555761678.997122794 -0.768216 -0.0163186 0.655799
1555761679.126192155 -0.790997 -0.01508 0.659375
1555761679.258186913 -0.815666 -0.0110682 0.660451
1555761679.398208597 -0.834846 -0.0079365 0.656801
1555761679.670606854 -0.85009 -0.00405667 0.64069
1555761679.978658311 -0.82731 -0.00499449 0.619462
1555761680.110651823 -0.817796 -0.00730351 0.617708
1555761680.246694218 -0.811686 -0.0132667 0.614841
1555761680.799084228 -0.757027 -0.0423538 0.6047
1555761681.078744480 -0.747725 -0.0457041 0.60299
1555761681.302811861 -0.738876 -0.0455294 0.604315
