-0.719693 0.0515705 0.656904 
-0.723121 0.0394651 0.654381 
-0.72343 0.0360688 0.653397 
-0.725274 0.0180901 0.651847 
-0.736279 -0.0364802 0.655962 
-0.765689 -0.295708 0.650223 
-0.756046 -0.324821 0.651459 
-0.747422 -0.348999 0.649766 
-0.733403 -0.37184 0.649691 
-0.649908 -0.49875 0.652984 
-0.633416 -0.532428 0.652187 
-0.618577 -0.563936 0.652551 
-0.569421 -0.654526 0.662068 
-0.533684 -0.707606 0.662615 
-0.502382 -0.741301 0.661827 
-0.4339 -0.762865 0.663277 
-0.418282 -0.795592 0.668356 
-0.369809 -0.814425 0.669528 
-0.323144 -0.822858 0.670521 
-0.250804 -0.836528 0.666525 
-0.154294 -0.854005 0.679358 
-0.113025 -0.860687 0.687996 
-0.0451218 -0.849579 0.689904 
0.0421374 -0.897374 0.690709 
0.094439 -0.910908 0.691522 
0.152287 -0.918459 0.698297 
0.250125 -0.905555 0.711347 
0.473414 -0.877811 0.712124 
0.53537 -0.879234 0.705099 
0.642283 -0.894511 0.64828 
0.679859 -0.899734 0.455895 
0.680303 -0.918029 0.385212 
0.634477 -0.956714 0.275924 
0.45746 -0.922933 0.303494 
0.354824 -0.895562 0.320531 
0.340238 -0.888278 0.542654 
0.350389 -0.884288 0.607173 
0.45681 -0.891444 0.725162 
0.581396 -0.907898 0.718746 
0.622693 -0.919434 0.696009 
0.664107 -0.938668 0.649654 
0.691184 -0.964184 0.592278 
0.695489 -0.982078 0.518834 
0.667709 -0.989085 0.434615 
0.608504 -0.983718 0.376032 
0.555103 -1.00342 0.332491 
0.474472 -1.01747 0.327825 
0.364368 -1.02199 0.338104 
0.268424 -1.01684 0.35621 
0.190953 -1.02241 0.370295 
0.112862 -1.02716 0.384458 
-0.0410066 -1.00343 0.375659 
-0.0989707 -0.960981 0.376613 
-0.171735 -0.896369 0.374743 
-0.242306 -0.838634 0.390245 
-0.306772 -0.806129 0.40204 
-0.338108 -0.793733 0.407134 
-0.41215 -0.753479 0.41408 
-0.448405 -0.726362 0.418109 
-0.512836 -0.657812 0.425886 
-0.559423 -0.543977 0.427915 
-0.58001 -0.437378 0.420539 
-0.597904 -0.330282 0.412192 
-0.601961 -0.244211 0.411367 
-0.591787 -0.137815 0.408608 
-0.578353 -0.0750477 0.406262 
-0.572247 -0.0126452 0.426982 
-0.572019 0.0106235 0.467515 
-0.576164 0.0134 0.494801 
-0.611528 0.00360297 0.564034 
-0.768216 -0.0163186 0.655799 
-0.790997 -0.01508 0.659375 
-0.815666 -0.0110682 0.660451 
-0.834846 -0.0079365 0.656801 
-0.85009 -0.00405667 0.64069 
-0.82731 -0.00499449 0.619462 
-0.817796 -0.00730351 0.617708 
-0.811686 -0.0132667 0.614841 
-0.757027 -0.0423538 0.6047 
-0.747725 -0.0457041 0.60299 
-0.738876 -0.0455294 0.604315 
