0 0 0 
0.0177729 0.0114524 0.0071713 
0.0200596 0.0138291 0.0081974 
0.0354211 0.0174952 0.0106116 
0.087709 0.0200967 0.0146052 
0.321453 0.0504597 -6.55e-05 
0.34644 0.0466566 0.0184921 
0.367366 0.0429162 0.0355044 
0.387844 0.037676 0.0551675 
0.499791 0.004252 0.13429 
0.527226 -0.0009342 0.146336 
0.555381 -0.0068492 0.164144 
0.630269 -0.0304118 0.201847 
0.675672 -0.0423183 0.22374 
0.716034 -0.0542656 0.241037 
0.74626 -0.0702871 0.268259 
0.769162 -0.084761 0.293887 
0.782468 -0.0999405 0.327044 
0.790698 -0.115007 0.36386 
0.800296 -0.130235 0.409579 
0.812277 -0.165047 0.474665 
0.818693 -0.183678 0.501972 
0.826825 -0.200246 0.533035 
0.855442 -0.229465 0.608069 
0.869118 -0.249109 0.652379 
0.877449 -0.26767 0.685225 
0.862684 -0.309675 0.753572 
0.823832 -0.384247 0.930923 
0.825655 -0.394227 0.971862 
0.880112 -0.391135 1.05142 
0.94862 -0.274904 1.11931 
0.965033 -0.215449 1.14577 
0.988993 -0.112537 1.142 
0.962924 -0.0825253 0.976733 
0.93169 -0.0596739 0.877036 
0.866669 -0.237915 0.785416 
0.857171 -0.305923 0.768835 
0.864193 -0.449643 0.813504 
0.884668 -0.488004 0.918418 
0.908257 -0.481526 0.97336 
0.934683 -0.446483 1.02845 
0.966592 -0.399575 1.07154 
0.997964 -0.328649 1.09968 
1.02296 -0.237133 1.10219 
1.02415 -0.173501 1.0717 
1.02825 -0.118526 1.047 
1.029 -0.0885215 0.996931 
1.01897 -0.0642571 0.925176 
1.00064 -0.0453306 0.8418 
1.00318 -0.0349044 0.78756 
1.00652 -0.0240013 0.741692 
0.977891 0.0142704 0.66737 
0.945398 0.025452 0.630296 
0.904042 0.0417976 0.594135 
0.85011 0.0455206 0.552677 
0.830024 0.059863 0.49641 
0.822373 0.0662642 0.474048 
0.799973 0.0795255 0.422004 
0.781412 0.0881364 0.38656 
0.738363 0.103552 0.334005 
0.657558 0.110954 0.276412 
0.579265 0.113177 0.225633 
0.498823 0.112946 0.189582 
0.418197 0.104238 0.151369 
0.320601 0.0803514 0.105554 
0.247241 0.0739135 0.0785013 
0.183175 0.0446127 0.0654235 
0.160434 0.0165936 0.0587045 
0.153023 -0.0218142 0.0492304 
0.162765 -0.0778927 0.0213917 
0.184128 -0.105075 -0.109333 
0.179777 -0.0952324 -0.131844 
0.172498 -0.083441 -0.157368 
0.16597 -0.0689771 -0.171283 
0.159068 -0.0422608 -0.188428 
0.154101 -0.0170811 -0.178402 
0.168959 -0.0189025 -0.156959 
0.174459 -0.0163481 -0.140654 
0.207299 -0.0243718 -0.0923036 
0.214275 -0.0249588 -0.0851973 
0.218751 -0.0296824 -0.0717451 
